stations:
  - name: 1
    lat: -27.511816
    long: 153.035267
  - name: 2
    lat: -27.511816
    long: 153.035267
